0 0.313121 0.136031 0.118273 0.166667
0 0.419480 0.084875 0.138492 0.168292
0 0.147102 0.555552 0.131578 0.157021
0 0.162719 0.706312 0.125750 0.182250
0 0.334195 0.331125 0.114422 0.150042
0 0.249512 0.546276 0.135664 0.156406
0 0.292203 0.635516 0.117531 0.152698
0 0.323203 0.788750 0.116250 0.155000
0 0.413328 0.700823 0.114594 0.149188
0 0.242652 0.877406 0.128148 0.190854
0 0.150672 0.278083 0.121625 0.166958
0 0.440008 0.400188 0.107953 0.150250
0 0.564270 0.743318 0.141383 0.171740
0 0.594109 0.548505 0.116188 0.178677
0 0.765844 0.512552 0.135281 0.181979
0 0.711836 0.417557 0.132266 0.186156
0 0.592367 0.383422 0.117078 0.180406
0 0.492609 0.560073 0.109281 0.142833
0 0.522160 0.419276 0.130961 0.179302
