0 0.174137 0.566167 0.126102 0.172042
0 0.229469 0.717354 0.127781 0.152167
0 0.268316 0.383776 0.126648 0.151615
0 0.136305 0.425740 0.137078 0.160188
0 0.337867 0.667276 0.115516 0.150656
0 0.326445 0.858687 0.129766 0.187833
0 0.427906 0.773010 0.132781 0.174604
0 0.314887 0.130578 0.118664 0.163219
0 0.149305 0.269307 0.123109 0.164094
0 0.305367 0.526781 0.115516 0.146229
0 0.337238 0.314635 0.107930 0.147896
0 0.584117 0.700120 0.116766 0.175802
0 0.682664 0.606552 0.136547 0.155437
0 0.763523 0.511750 0.124828 0.181917
0 0.721137 0.394729 0.126477 0.180750
0 0.608621 0.364839 0.117070 0.180406
0 0.476133 0.646510 0.109297 0.148021
0 0.503000 0.235792 0.115875 0.179250
0 0.436441 0.396526 0.107414 0.150177
0 0.516293 0.394224 0.131180 0.174906
0 0.522660 0.513807 0.113789 0.144760
0 0.627152 0.515370 0.119617 0.178844
0 0.411617 0.071771 0.128016 0.143542
