0 0.437398 0.397464 0.105047 0.147885
0 0.314359 0.130271 0.119094 0.165500
0 0.421121 0.082917 0.135211 0.164375
0 0.176336 0.563943 0.122172 0.169406
0 0.229504 0.712109 0.129273 0.155156
0 0.146988 0.269234 0.120867 0.167156
0 0.136598 0.425531 0.136492 0.156021
0 0.340102 0.666479 0.112297 0.155792
0 0.427719 0.773672 0.132531 0.169740
0 0.476766 0.648318 0.108969 0.149198
0 0.325098 0.860375 0.128148 0.190854
0 0.306781 0.526302 0.116125 0.145521
0 0.584824 0.700224 0.116445 0.176427
0 0.682063 0.608109 0.136500 0.155448
0 0.765047 0.510208 0.123969 0.183333
0 0.721543 0.394786 0.126133 0.183969
0 0.610012 0.367672 0.119977 0.181740
0 0.520477 0.513646 0.109281 0.147500
0 0.515773 0.396813 0.130969 0.176167
0 0.627457 0.518760 0.121070 0.180917
0 0.337574 0.316115 0.120758 0.150146
0 0.267031 0.385771 0.130625 0.157917
