0 0.642922 0.147312 0.117469 0.171417
0 0.096215 0.399505 0.136195 0.173115
0 0.728625 0.135391 0.124156 0.155448
0 0.365711 0.491271 0.122172 0.175458
0 0.267238 0.564104 0.120039 0.154833
0 0.149645 0.785271 0.119305 0.176333
0 0.237387 0.150042 0.124289 0.173042
0 0.574285 0.283865 0.124508 0.146292
0 0.546332 0.136552 0.109555 0.179938
0 0.180773 0.262062 0.137359 0.156208
0 0.298937 0.310078 0.110469 0.139510
0 0.345797 0.233854 0.119422 0.171937
0 0.491059 0.546260 0.128289 0.152896
0 0.568551 0.561552 0.134773 0.152521
0 0.690340 0.605802 0.136039 0.166729
0 0.670875 0.739448 0.131062 0.178396
0 0.784496 0.770641 0.133820 0.182469
0 0.716699 0.898010 0.135039 0.167313
0 0.551512 0.702240 0.120461 0.159479
0 0.586367 0.833630 0.121172 0.178365
0 0.475711 0.758151 0.117594 0.178385
0 0.420312 0.652745 0.120469 0.160969
0 0.338691 0.598776 0.101367 0.154115
0 0.249570 0.716396 0.131672 0.182000
0 0.364906 0.918359 0.116594 0.154948
0 0.389535 0.747432 0.119836 0.154302
0 0.289508 0.807474 0.133953 0.185260
0 0.173141 0.621078 0.105438 0.148885
0 0.220141 0.477365 0.116000 0.126062
0 0.447566 0.132531 0.113617 0.162021
0 0.779078 0.528448 0.126063 0.170187
0 0.811105 0.409922 0.125758 0.174531
0 0.354516 0.082724 0.120641 0.165448
0 0.558508 0.405401 0.133375 0.169802
0 0.344609 0.400375 0.132734 0.152042
0 0.468719 0.249083 0.123344 0.168500
0 0.694191 0.434578 0.114977 0.170198
0 0.631684 0.503021 0.129227 0.162667
0 0.781914 0.266474 0.133359 0.183094
0 0.199445 0.372344 0.126875 0.144792
0 0.469348 0.405010 0.124586 0.159771
0 0.657781 0.287672 0.131937 0.156948
