0 0.722469 0.393286 0.124906 0.181552
0 0.476137 0.647969 0.107570 0.150937
0 0.503367 0.229865 0.112797 0.174854
0 0.430910 0.533057 0.120883 0.168385
0 0.628434 0.515302 0.121867 0.181021
0 0.524566 0.512714 0.109492 0.146469
0 0.361855 0.423724 0.117961 0.166531
0 0.447723 0.366766 0.103211 0.143990
0 0.518629 0.389318 0.133133 0.169427
0 0.611301 0.362922 0.118961 0.180406
0 0.314363 0.132354 0.118773 0.164667
0 0.411211 0.070469 0.126953 0.139479
0 0.137609 0.424708 0.137750 0.161000
0 0.174992 0.563786 0.122203 0.172844
0 0.150129 0.268943 0.124430 0.166490
0 0.261629 0.385094 0.116898 0.156479
0 0.337961 0.668771 0.111891 0.153292
0 0.326203 0.859344 0.132281 0.190479
0 0.585461 0.699396 0.114703 0.177250
0 0.229086 0.713135 0.125109 0.152687
0 0.302820 0.528000 0.111078 0.146917
0 0.336141 0.305500 0.109906 0.133792
0 0.426551 0.768651 0.130805 0.171031
0 0.680836 0.605786 0.138641 0.153219
0 0.763691 0.510333 0.122305 0.181000
