0 0.553570 0.112755 0.117859 0.172406
0 0.157156 0.439896 0.126312 0.153750
0 0.681582 0.147990 0.116523 0.149021
0 0.375313 0.471271 0.113750 0.167250
0 0.280855 0.534531 0.123133 0.166354
0 0.612004 0.172057 0.121148 0.153177
0 0.238535 0.131589 0.128086 0.179115
0 0.481809 0.236359 0.122633 0.158323
0 0.456348 0.083958 0.119805 0.167917
0 0.643984 0.328510 0.124875 0.148479
0 0.574676 0.296516 0.128148 0.166552
0 0.375984 0.356880 0.121000 0.155823
0 0.204582 0.232099 0.123492 0.155802
0 0.754172 0.264073 0.133063 0.154771
0 0.575906 0.441344 0.138187 0.147729
0 0.318281 0.248151 0.093594 0.141406
0 0.255266 0.452521 0.116969 0.135583
0 0.485637 0.397708 0.116852 0.151667
0 0.396488 0.238396 0.117023 0.154875
0 0.660051 0.506927 0.103648 0.142396
0 0.745727 0.436219 0.115734 0.179229
0 0.354285 0.111208 0.115805 0.132792
0 0.246547 0.337943 0.129094 0.148073
0 0.161496 0.663547 0.125367 0.155927
0 0.192434 0.805443 0.135414 0.180552
0 0.318777 0.778661 0.119211 0.182281
0 0.402031 0.849714 0.135406 0.164573
0 0.263219 0.638193 0.121484 0.145990
0 0.383242 0.596729 0.116625 0.153771
0 0.418227 0.690891 0.122453 0.159823
0 0.471195 0.768854 0.117594 0.178396
0 0.593809 0.825651 0.119211 0.178823
0 0.565789 0.729979 0.118250 0.180979
0 0.703953 0.871005 0.128281 0.182281
0 0.767934 0.795422 0.116945 0.191781
0 0.694398 0.710328 0.138969 0.158948
0 0.723875 0.566714 0.139625 0.155927
0 0.599156 0.602776 0.129250 0.173635
0 0.493062 0.550516 0.127641 0.152906
