0 0.118477 0.165646 0.123203 0.155583
0 0.246797 0.818583 0.119219 0.154083
0 0.576543 0.271010 0.121445 0.166313
0 0.310844 0.693839 0.118938 0.152531
0 0.481535 0.705240 0.111867 0.150042
0 0.688969 0.335458 0.119562 0.164708
0 0.421098 0.132354 0.118430 0.157583
0 0.490012 0.426766 0.118727 0.161427
0 0.637527 0.089135 0.118227 0.160479
0 0.273234 0.291620 0.117125 0.159677
0 0.391258 0.318500 0.123578 0.163625
0 0.612543 0.585630 0.112148 0.148531
0 0.220691 0.494349 0.114398 0.152344
0 0.737223 0.430542 0.128836 0.186000
0 0.784477 0.132620 0.125109 0.161010
0 0.098297 0.405208 0.125281 0.151875
0 0.394105 0.582844 0.119758 0.176188
0 0.888949 0.298286 0.127445 0.158844
0 0.343113 0.512328 0.111555 0.150656
0 0.568789 0.806438 0.115078 0.156292
0 0.889125 0.662151 0.130469 0.163052
0 0.392293 0.904531 0.118539 0.162188
0 0.136477 0.739036 0.126266 0.157760
