0 0.358711 0.427646 0.116953 0.171958
0 0.519551 0.387870 0.133477 0.169906
0 0.430977 0.532365 0.121953 0.171271
0 0.525570 0.512297 0.105375 0.145844
0 0.625926 0.514969 0.121430 0.180646
0 0.314617 0.133036 0.120297 0.159344
0 0.410813 0.070938 0.124625 0.141875
0 0.178078 0.561214 0.134937 0.165490
0 0.229215 0.711328 0.129852 0.153594
0 0.493758 0.176719 0.117484 0.179688
0 0.256766 0.382932 0.112094 0.152885
0 0.139078 0.426656 0.140125 0.163354
0 0.326695 0.859583 0.130203 0.196042
0 0.334809 0.665719 0.110695 0.151479
0 0.148480 0.268198 0.126633 0.163813
0 0.302727 0.524354 0.111500 0.150917
0 0.387176 0.229859 0.119555 0.173406
0 0.495383 0.820573 0.119859 0.195729
0 0.679129 0.610370 0.138773 0.163635
0 0.765156 0.506021 0.127187 0.176083
0 0.723594 0.390667 0.122187 0.180750
0 0.615418 0.371422 0.117445 0.183406
0 0.422059 0.771031 0.124945 0.174604
0 0.332875 0.307833 0.110031 0.136000
0 0.449551 0.366750 0.108883 0.150583
0 0.583527 0.697656 0.117914 0.178021
0 0.475895 0.645422 0.112398 0.148552
