0 0.564703 0.157948 0.117469 0.157437
0 0.098230 0.397714 0.136195 0.173115
0 0.701516 0.205219 0.133063 0.158104
0 0.362355 0.505604 0.122164 0.175458
0 0.259434 0.573937 0.120039 0.154833
0 0.643117 0.070521 0.121578 0.141042
0 0.259879 0.149812 0.124305 0.160583
0 0.560715 0.303307 0.124508 0.146302
0 0.538078 0.082938 0.110094 0.157875
0 0.681418 0.427609 0.114977 0.170198
0 0.637359 0.288521 0.131062 0.147125
0 0.462945 0.427057 0.130359 0.152760
0 0.206641 0.373542 0.126875 0.144792
0 0.769723 0.273036 0.133367 0.185385
0 0.627652 0.509286 0.129227 0.162677
0 0.459949 0.238396 0.122867 0.169875
0 0.343711 0.408771 0.132734 0.152042
0 0.545734 0.427078 0.133375 0.169802
0 0.373809 0.091958 0.128633 0.155875
0 0.811105 0.409922 0.125758 0.174531
0 0.779078 0.528448 0.126063 0.170187
0 0.438047 0.074323 0.117656 0.148646
0 0.220141 0.477365 0.116000 0.126062
0 0.102469 0.689865 0.129750 0.156937
0 0.214477 0.828563 0.127016 0.183500
0 0.343562 0.768224 0.136313 0.168135
0 0.462937 0.898411 0.116625 0.125469
0 0.206980 0.668417 0.119945 0.170458
0 0.339977 0.610339 0.115203 0.154115
0 0.407102 0.681672 0.124391 0.163323
0 0.475711 0.758151 0.117594 0.178385
0 0.586367 0.833630 0.121172 0.178365
0 0.548910 0.702240 0.120461 0.159479
0 0.716699 0.898010 0.135039 0.167313
0 0.784496 0.770641 0.133820 0.182469
0 0.670875 0.739448 0.131062 0.178396
0 0.690340 0.605802 0.136039 0.166729
0 0.568551 0.561552 0.134773 0.152521
0 0.483668 0.568651 0.128289 0.152906
0 0.355336 0.246839 0.119422 0.171948
0 0.301539 0.316271 0.110469 0.139521
0 0.183461 0.256453 0.137359 0.147719
