0 0.757016 0.084750 0.130031 0.168208
0 0.401027 0.704651 0.109336 0.149240
0 0.567645 0.297229 0.108305 0.152833
0 0.738863 0.832724 0.114914 0.159469
0 0.501117 0.724297 0.116516 0.184115
0 0.746805 0.601932 0.133422 0.174677
0 0.239957 0.477229 0.117742 0.154917
0 0.661148 0.508250 0.118172 0.161625
0 0.687234 0.376630 0.135687 0.172990
0 0.476852 0.413406 0.120203 0.171104
0 0.577758 0.562604 0.109719 0.149167
0 0.664941 0.660917 0.112148 0.145458
0 0.800891 0.690714 0.121812 0.193573
0 0.803090 0.507964 0.125398 0.174906
0 0.784137 0.381167 0.119055 0.163708
0 0.910973 0.601625 0.135867 0.167167
0 0.656016 0.810359 0.121719 0.187615
0 0.888965 0.338089 0.130820 0.182156
0 0.404797 0.511474 0.112922 0.157844
0 0.561863 0.799484 0.106430 0.153948
0 0.864680 0.782078 0.107516 0.162302
0 0.401004 0.909568 0.119711 0.166073
0 0.295629 0.656885 0.137023 0.178104
