0 0.609859 0.171151 0.118437 0.166427
0 0.091867 0.535734 0.134547 0.149573
0 0.084184 0.269318 0.120695 0.168448
0 0.237961 0.834609 0.139547 0.165365
0 0.103066 0.716490 0.122461 0.182854
0 0.881379 0.633479 0.140055 0.169271
0 0.851145 0.843990 0.141508 0.156188
0 0.138473 0.851016 0.107930 0.159469
0 0.733184 0.114839 0.119695 0.189094
0 0.927961 0.420385 0.144078 0.168750
0 0.931285 0.150807 0.133570 0.185615
0 0.845469 0.714057 0.130625 0.185010
0 0.896937 0.299766 0.124437 0.158281
0 0.865352 0.510818 0.133094 0.165656
0 0.263945 0.207604 0.108984 0.164792
0 0.824793 0.345266 0.124789 0.179052
0 0.750148 0.674760 0.115516 0.163312
0 0.607711 0.793063 0.120859 0.178437
0 0.167102 0.115432 0.120922 0.155865
0 0.530273 0.248438 0.120547 0.174167
0 0.359773 0.423719 0.121422 0.168271
0 0.449762 0.366187 0.109727 0.146875
0 0.520234 0.387589 0.135313 0.167677
0 0.430246 0.531177 0.123602 0.171938
0 0.524789 0.510479 0.107984 0.147417
0 0.622578 0.513349 0.119688 0.180990
0 0.617344 0.363234 0.122187 0.176656
0 0.302070 0.524974 0.111484 0.149760
0 0.657969 0.628870 0.137500 0.163719
0 0.257340 0.390313 0.111883 0.151875
0 0.388691 0.230521 0.119805 0.174375
0 0.722941 0.393854 0.119898 0.173333
0 0.752090 0.513651 0.126758 0.177490
0 0.566230 0.671411 0.116133 0.175344
0 0.469656 0.645380 0.109328 0.152698
0 0.337652 0.309120 0.114539 0.135094
0 0.342168 0.664896 0.113258 0.155000
0 0.553047 0.874922 0.134469 0.169844
0 0.442277 0.775208 0.134820 0.167500
0 0.361672 0.829745 0.127281 0.186135
0 0.209293 0.688552 0.127039 0.147479
0 0.137258 0.409391 0.137359 0.155177
0 0.475160 0.174068 0.117961 0.172073
0 0.181766 0.546391 0.125375 0.171802
0 0.182449 0.331531 0.124320 0.156104
0 0.701750 0.227156 0.122281 0.177396
0 0.349516 0.092031 0.120969 0.170313
0 0.820574 0.180594 0.122164 0.193812
0 0.721270 0.810365 0.116914 0.159875
