0 0.178578 0.070208 0.131906 0.140417
0 0.266301 0.577578 0.128539 0.173594
0 0.518242 0.266354 0.131641 0.173125
0 0.158293 0.677255 0.131383 0.180490
0 0.226262 0.821911 0.129820 0.183469
0 0.660531 0.390599 0.116437 0.175052
0 0.369590 0.203536 0.110508 0.182510
0 0.449879 0.399813 0.130398 0.171833
0 0.587543 0.176589 0.118195 0.166823
0 0.328328 0.298286 0.127562 0.162594
0 0.551496 0.421656 0.127945 0.159604
0 0.530188 0.554797 0.118063 0.178740
0 0.208027 0.361016 0.123320 0.165469
0 0.737730 0.421115 0.136883 0.172979
0 0.545926 0.723812 0.130180 0.180500
0 0.086836 0.293354 0.125703 0.176208
0 0.412609 0.547786 0.112594 0.178385
0 0.446883 0.719953 0.115766 0.169469
0 0.297023 0.461932 0.128922 0.176344
0 0.290016 0.712932 0.123719 0.181219
0 0.656453 0.555943 0.132875 0.170198
0 0.473227 0.166073 0.114328 0.180979
0 0.051629 0.439958 0.103258 0.158250
