0 0.519836 0.419276 0.130969 0.179302
0 0.337699 0.366370 0.114461 0.150865
0 0.165898 0.554656 0.139609 0.157021
0 0.275059 0.486286 0.111508 0.147490
0 0.162719 0.706312 0.125750 0.182250
0 0.323203 0.788750 0.116250 0.155000
0 0.491047 0.699432 0.141375 0.171740
0 0.292203 0.635516 0.117531 0.152698
0 0.377621 0.539833 0.111492 0.150917
0 0.399559 0.684693 0.103180 0.149177
0 0.419480 0.084875 0.138492 0.168292
0 0.242652 0.877406 0.128148 0.190854
0 0.765844 0.514094 0.135281 0.185063
0 0.711836 0.417557 0.132266 0.186156
0 0.311105 0.136031 0.122305 0.166667
0 0.592367 0.383422 0.117078 0.180406
0 0.594109 0.548505 0.116188 0.178677
0 0.492609 0.560073 0.109281 0.142833
0 0.436516 0.417589 0.107938 0.147885
