0 0.338852 0.665948 0.113234 0.149146
0 0.328637 0.860521 0.128148 0.183958
0 0.229648 0.714099 0.126641 0.147219
0 0.173563 0.563542 0.121625 0.166667
0 0.258762 0.383604 0.114039 0.154875
0 0.503777 0.232203 0.117445 0.182260
0 0.138887 0.425995 0.139883 0.162594
0 0.149391 0.269214 0.126531 0.163031
0 0.412305 0.070729 0.124141 0.140000
0 0.314141 0.130557 0.120625 0.160344
0 0.628125 0.516573 0.119375 0.180646
0 0.517508 0.389120 0.135953 0.169260
0 0.520754 0.512870 0.115414 0.146573
0 0.450004 0.367380 0.102367 0.149865
0 0.360270 0.430573 0.118039 0.174896
0 0.680766 0.607297 0.139406 0.158948
0 0.477426 0.648776 0.110773 0.151823
0 0.609777 0.365885 0.119664 0.182396
0 0.721402 0.392047 0.125164 0.176115
0 0.765828 0.511344 0.124750 0.183563
0 0.585570 0.698776 0.118703 0.176823
0 0.428074 0.770641 0.134633 0.176219
0 0.336402 0.308740 0.109852 0.137521
0 0.303859 0.526792 0.111500 0.148917
