0 0.304332 0.528271 0.111492 0.150917
0 0.328691 0.858677 0.127617 0.189521
0 0.359961 0.422729 0.121797 0.168292
0 0.228602 0.711125 0.130766 0.149625
0 0.449488 0.367297 0.106805 0.146656
0 0.258145 0.383937 0.113242 0.154417
0 0.147508 0.271349 0.120453 0.166885
0 0.175266 0.561807 0.122750 0.168885
0 0.137781 0.424214 0.137562 0.162406
0 0.411094 0.071042 0.121719 0.140625
0 0.630230 0.514927 0.120461 0.181937
0 0.314180 0.133406 0.121172 0.165896
0 0.523613 0.511552 0.108883 0.147187
0 0.429531 0.534307 0.123437 0.172615
0 0.336215 0.667109 0.113367 0.154552
0 0.475691 0.644344 0.111398 0.150563
0 0.679906 0.609552 0.141531 0.159938
0 0.583914 0.699057 0.117484 0.181677
0 0.422781 0.769318 0.123969 0.173240
0 0.496340 0.820250 0.117320 0.193042
0 0.336785 0.308625 0.110336 0.135458
0 0.720949 0.395875 0.127945 0.180958
0 0.762164 0.509443 0.120984 0.179240
0 0.518457 0.390146 0.133086 0.166167
0 0.610977 0.363958 0.119609 0.181250
0 0.503250 0.231563 0.117875 0.178542
