0 0.118477 0.165646 0.123203 0.155583
0 0.246797 0.818583 0.119219 0.154083
0 0.561258 0.291063 0.112953 0.152875
0 0.310844 0.693839 0.118938 0.152531
0 0.490082 0.694875 0.111867 0.150042
0 0.733121 0.320406 0.114539 0.150646
0 0.421098 0.132354 0.118430 0.157583
0 0.532008 0.483432 0.114266 0.154385
0 0.637527 0.089135 0.118227 0.160479
0 0.273234 0.291620 0.117125 0.159677
0 0.433434 0.356750 0.109727 0.149167
0 0.612543 0.585630 0.112148 0.148531
0 0.220691 0.494349 0.114398 0.152344
0 0.797695 0.496776 0.121328 0.157906
0 0.784477 0.132620 0.125109 0.161010
0 0.098297 0.405208 0.125281 0.151875
0 0.723250 0.710302 0.117406 0.157521
0 0.878547 0.324641 0.127437 0.158844
0 0.357105 0.514401 0.111555 0.150656
0 0.568789 0.806438 0.115078 0.156292
0 0.901563 0.668370 0.130469 0.163052
0 0.392293 0.904531 0.118539 0.162188
0 0.136477 0.739036 0.126266 0.157760
