0 0.129727 0.347917 0.142109 0.170000
0 0.401027 0.704651 0.109336 0.149240
0 0.567645 0.297229 0.108305 0.152833
0 0.738863 0.832724 0.114914 0.159469
0 0.501117 0.724297 0.116516 0.184115
0 0.738070 0.608198 0.133422 0.174688
0 0.395480 0.337964 0.115758 0.175531
0 0.654430 0.504667 0.118172 0.161625
0 0.683875 0.378422 0.135688 0.172990
0 0.476852 0.413406 0.120203 0.171104
0 0.566340 0.553646 0.109727 0.149167
0 0.652176 0.661812 0.112148 0.145458
0 0.220691 0.494349 0.114398 0.152344
0 0.792328 0.505266 0.122688 0.174885
0 0.773406 0.382062 0.121781 0.170875
0 0.330320 0.420781 0.132484 0.173437
0 0.656016 0.810359 0.121719 0.187615
0 0.888965 0.338089 0.130820 0.182156
0 0.410160 0.527589 0.111555 0.150656
0 0.561863 0.799484 0.106430 0.153948
0 0.796422 0.683578 0.125750 0.184510
0 0.401004 0.909568 0.119711 0.166073
0 0.295629 0.656885 0.137023 0.178104
