0 0.615297 0.244870 0.132937 0.160990
0 0.346254 0.549172 0.115930 0.166448
0 0.503695 0.263396 0.132062 0.155042
0 0.284781 0.672161 0.115594 0.179219
0 0.332941 0.773573 0.133805 0.168062
0 0.604746 0.383464 0.128711 0.173219
0 0.363727 0.190802 0.114531 0.174437
0 0.445363 0.405490 0.130398 0.165833
0 0.566992 0.163927 0.117297 0.172646
0 0.363043 0.286344 0.124883 0.148479
0 0.524359 0.401151 0.121203 0.159573
0 0.542730 0.550573 0.110164 0.174271
0 0.248508 0.322500 0.123141 0.170771
0 0.663855 0.456740 0.126039 0.178812
0 0.603270 0.720995 0.120648 0.174469
0 0.199445 0.401073 0.122203 0.174312
0 0.435898 0.547922 0.119141 0.173740
0 0.489258 0.725422 0.114297 0.174156
0 0.348566 0.430057 0.120055 0.154260
0 0.399227 0.684990 0.122016 0.179396
0 0.650125 0.584510 0.129281 0.179938
0 0.467953 0.166073 0.114328 0.180979
0 0.247637 0.493177 0.129523 0.172896
