0 0.722941 0.393854 0.119898 0.173333
0 0.701086 0.224839 0.120953 0.177406
0 0.182449 0.331531 0.124320 0.156104
0 0.188047 0.561094 0.121875 0.171771
0 0.475160 0.174068 0.117961 0.172073
0 0.138727 0.415948 0.135656 0.163646
0 0.224676 0.702500 0.120648 0.147500
0 0.339855 0.842448 0.129820 0.183437
0 0.426609 0.768703 0.136000 0.172802
0 0.553551 0.870911 0.134461 0.169844
0 0.334621 0.664896 0.113258 0.155000
0 0.337652 0.309120 0.114539 0.135094
0 0.469656 0.645380 0.109328 0.152698
0 0.575766 0.682120 0.116125 0.175344
0 0.752090 0.513651 0.126758 0.177490
0 0.349516 0.092031 0.120969 0.170313
0 0.388691 0.230521 0.119805 0.174375
0 0.257340 0.390313 0.111883 0.151875
0 0.657969 0.628870 0.137500 0.163719
0 0.302070 0.524974 0.111484 0.149760
0 0.617344 0.363234 0.122187 0.176656
0 0.622578 0.513349 0.119688 0.180990
0 0.524789 0.510479 0.107984 0.147417
0 0.430246 0.531177 0.123602 0.171938
0 0.520234 0.387589 0.135313 0.167677
0 0.449762 0.366187 0.109727 0.146875
0 0.359773 0.423719 0.121422 0.168271
0 0.530273 0.248438 0.120547 0.174167
0 0.167102 0.115432 0.120922 0.155865
0 0.615742 0.791719 0.120859 0.178438
0 0.754664 0.675427 0.115516 0.163312
0 0.824793 0.345266 0.124789 0.179052
0 0.263945 0.207604 0.108984 0.164792
0 0.866859 0.515505 0.133094 0.165656
0 0.896937 0.299766 0.124437 0.158281
0 0.837320 0.737938 0.124422 0.199333
0 0.726785 0.819729 0.116914 0.159875
0 0.818840 0.180594 0.122164 0.193812
0 0.609859 0.171151 0.118437 0.166427
0 0.091570 0.554323 0.132797 0.161979
0 0.084184 0.269318 0.120695 0.168448
0 0.220156 0.818542 0.139063 0.185417
0 0.097551 0.686745 0.142539 0.183573
0 0.881102 0.634818 0.143516 0.169260
