0 0.623828 0.236844 0.132938 0.161000
0 0.332949 0.563214 0.114414 0.179823
0 0.510219 0.262062 0.132063 0.155042
0 0.254688 0.678172 0.122656 0.180531
0 0.304855 0.812057 0.129820 0.183469
0 0.620805 0.385469 0.128703 0.173229
0 0.369750 0.201193 0.114531 0.177823
0 0.449879 0.402813 0.130398 0.165833
0 0.575023 0.163255 0.117297 0.172656
0 0.364047 0.304406 0.124875 0.148479
0 0.530883 0.401151 0.121203 0.159573
0 0.542730 0.550573 0.110164 0.174271
0 0.238973 0.332531 0.123148 0.170771
0 0.689180 0.433656 0.128516 0.180813
0 0.574414 0.715313 0.130172 0.180500
0 0.189902 0.409432 0.118164 0.173635
0 0.440148 0.549578 0.112594 0.178385
0 0.478453 0.724089 0.115766 0.174156
0 0.339051 0.441422 0.119086 0.154240
0 0.372625 0.699036 0.121000 0.176719
0 0.630797 0.568432 0.137781 0.169177
0 0.468457 0.166073 0.114320 0.180979
0 0.242113 0.505219 0.129523 0.172896
