0 0.313063 0.131130 0.118406 0.161490
0 0.421434 0.084875 0.134586 0.168292
0 0.174012 0.563729 0.126039 0.165667
0 0.228965 0.715016 0.128789 0.156844
0 0.338070 0.316656 0.113703 0.149396
0 0.149227 0.270714 0.124516 0.167740
0 0.340102 0.666849 0.112297 0.148802
0 0.328484 0.862661 0.128812 0.191760
0 0.427906 0.774677 0.132781 0.177938
0 0.685023 0.713729 0.122609 0.184833
0 0.137836 0.428531 0.134016 0.162521
0 0.438195 0.398359 0.108297 0.151406
0 0.477707 0.647568 0.110055 0.150073
0 0.632984 0.526432 0.121687 0.177344
0 0.767145 0.512937 0.135273 0.185063
0 0.720949 0.405099 0.127945 0.186677
0 0.607418 0.370036 0.117070 0.180406
0 0.521957 0.513932 0.110773 0.144219
0 0.516840 0.398786 0.130961 0.179302
0 0.268414 0.382620 0.124437 0.154427
0 0.306602 0.527062 0.116016 0.147250
