0 0.493695 0.561203 0.108859 0.145094
0 0.311105 0.136031 0.122305 0.166667
0 0.419480 0.084875 0.138492 0.168292
0 0.157773 0.554656 0.141953 0.157021
0 0.162719 0.706312 0.125750 0.182250
0 0.340289 0.355391 0.112703 0.150885
0 0.272734 0.510292 0.139375 0.176917
0 0.292203 0.635516 0.117531 0.152698
0 0.323203 0.788750 0.116250 0.155000
0 0.413496 0.701698 0.113633 0.152229
0 0.242652 0.877406 0.128148 0.190854
0 0.385199 0.556615 0.107570 0.150937
0 0.436516 0.417589 0.107938 0.147885
0 0.564781 0.745875 0.141375 0.171729
0 0.594109 0.548505 0.116188 0.178677
0 0.765844 0.514094 0.135281 0.185063
0 0.711836 0.417557 0.132266 0.186156
0 0.592367 0.383422 0.117078 0.180406
0 0.519836 0.419276 0.130969 0.179302
