0 0.750168 0.513193 0.123570 0.177365
0 0.441355 0.558375 0.109336 0.145812
0 0.520957 0.087219 0.117039 0.173479
0 0.513223 0.725182 0.111898 0.139927
0 0.241945 0.433234 0.122328 0.177552
0 0.532566 0.848255 0.131273 0.188906
0 0.790902 0.718812 0.114914 0.159458
0 0.491719 0.612786 0.136688 0.168885
0 0.443121 0.115104 0.131570 0.176042
0 0.733016 0.388490 0.119906 0.162604
0 0.527789 0.247339 0.117750 0.175302
0 0.302453 0.401187 0.124469 0.152958
0 0.574844 0.419995 0.131250 0.179594
0 0.834965 0.350734 0.120852 0.166865
0 0.344980 0.267448 0.134102 0.154896
0 0.901039 0.289792 0.119016 0.152917
0 0.672012 0.542333 0.122852 0.171167
0 0.725172 0.814990 0.116922 0.159875
0 0.834223 0.179990 0.123430 0.193771
0 0.696828 0.666120 0.136031 0.158177
0 0.618500 0.165115 0.118469 0.170396
0 0.625402 0.706089 0.122477 0.185740
0 0.881379 0.633479 0.140055 0.169271
0 0.279941 0.188490 0.113664 0.153188
0 0.230730 0.276245 0.120727 0.157719
0 0.130945 0.503031 0.116078 0.148937
0 0.395820 0.792193 0.122297 0.175781
0 0.343562 0.632594 0.116656 0.153812
0 0.213461 0.603682 0.129672 0.164219
0 0.292605 0.765016 0.127508 0.171156
0 0.209988 0.741016 0.122727 0.154385
0 0.391648 0.428339 0.128375 0.153781
0 0.633816 0.356948 0.117523 0.178396
0 0.574289 0.542375 0.109719 0.146875
0 0.491797 0.426682 0.106719 0.153719
0 0.705438 0.212677 0.132672 0.181458
