0 0.118477 0.165646 0.123203 0.155583
0 0.246797 0.818583 0.119219 0.154083
0 0.518242 0.266354 0.131641 0.173125
0 0.310844 0.693839 0.118938 0.152531
0 0.481535 0.705240 0.111867 0.150042
0 0.684633 0.332568 0.119563 0.164698
0 0.382406 0.134078 0.109719 0.157594
0 0.490012 0.428151 0.118727 0.161427
0 0.637527 0.089135 0.118227 0.160479
0 0.273234 0.291620 0.117125 0.159677
0 0.391258 0.318500 0.123578 0.163625
0 0.522641 0.558120 0.126047 0.163969
0 0.220691 0.494349 0.114398 0.152344
0 0.737223 0.417083 0.128836 0.175625
0 0.835223 0.550380 0.147914 0.178927
0 0.098297 0.405208 0.125281 0.151875
0 0.395609 0.582844 0.119766 0.176188
0 0.863016 0.390208 0.143500 0.185000
0 0.343113 0.512328 0.111555 0.150656
0 0.578074 0.726167 0.122602 0.173708
0 0.642359 0.607104 0.130703 0.161500
0 0.481449 0.171568 0.114289 0.169990
0 0.136477 0.739036 0.126266 0.157760
