0 0.255098 0.092969 0.133398 0.176563
0 0.268809 0.578911 0.128539 0.173594
0 0.518242 0.266354 0.131641 0.173125
0 0.158293 0.677255 0.131383 0.180490
0 0.226262 0.821911 0.129820 0.183469
0 0.660531 0.390599 0.116437 0.175052
0 0.367578 0.201193 0.114531 0.177823
0 0.449879 0.399813 0.130398 0.171833
0 0.587543 0.176589 0.118195 0.166823
0 0.337363 0.300635 0.123555 0.160604
0 0.551496 0.421656 0.127945 0.159604
0 0.530188 0.554797 0.118063 0.178740
0 0.223352 0.366349 0.124859 0.174802
0 0.737730 0.421115 0.136883 0.172979
0 0.545926 0.723812 0.130180 0.180500
0 0.146539 0.396698 0.127703 0.170146
0 0.412609 0.547786 0.112594 0.178385
0 0.446883 0.722297 0.115766 0.174156
0 0.335148 0.449208 0.126891 0.170958
0 0.290016 0.712932 0.123719 0.181219
0 0.656453 0.555943 0.132875 0.170198
0 0.473227 0.166073 0.114328 0.180979
0 0.191363 0.526620 0.133836 0.150927
