0 0.031680 0.481161 0.061797 0.155385
0 0.147316 0.555979 0.132555 0.157000
0 0.311105 0.136031 0.122305 0.166667
0 0.419480 0.084875 0.138492 0.168292
0 0.162719 0.706312 0.125750 0.182250
0 0.333434 0.332896 0.110945 0.154833
0 0.249215 0.544135 0.136102 0.158813
0 0.292203 0.635516 0.117531 0.152698
0 0.323203 0.788750 0.116250 0.155000
0 0.413004 0.702339 0.114461 0.153240
0 0.242652 0.877406 0.128148 0.190854
0 0.437508 0.400885 0.103891 0.149271
0 0.563906 0.745109 0.141375 0.171740
0 0.594109 0.548505 0.116188 0.178677
0 0.765844 0.514094 0.135281 0.185063
0 0.711836 0.417557 0.132266 0.186156
0 0.593105 0.383422 0.115586 0.180406
0 0.493859 0.562089 0.106781 0.146865
0 0.519836 0.419276 0.130969 0.179302
