0 0.763672 0.510307 0.123125 0.179802
0 0.723766 0.393349 0.122313 0.183302
0 0.388691 0.230521 0.119805 0.174375
0 0.257340 0.385896 0.111883 0.160708
0 0.680293 0.609484 0.140508 0.163115
0 0.359773 0.423719 0.121422 0.168271
0 0.535328 0.248438 0.130656 0.174167
0 0.167102 0.117760 0.120922 0.151208
0 0.177520 0.570333 0.125758 0.182250
0 0.137328 0.428052 0.135656 0.165354
0 0.475160 0.174068 0.117961 0.172073
0 0.126098 0.280193 0.127648 0.164406
0 0.409914 0.070635 0.122359 0.140813
0 0.302070 0.526016 0.111484 0.149760
0 0.614746 0.367589 0.119602 0.177260
0 0.625184 0.513349 0.124898 0.180990
0 0.524789 0.510479 0.107984 0.147417
0 0.430246 0.532724 0.123602 0.168844
0 0.520234 0.387589 0.135313 0.167677
0 0.314105 0.135031 0.122305 0.166667
0 0.449762 0.366187 0.109727 0.146875
0 0.228621 0.710589 0.128539 0.151115
0 0.327863 0.858047 0.130211 0.191406
0 0.422273 0.769849 0.127328 0.175094
0 0.496059 0.821255 0.114758 0.193115
0 0.334621 0.666958 0.113258 0.150875
0 0.334137 0.311203 0.107508 0.139260
0 0.476039 0.646151 0.109328 0.152698
0 0.583809 0.698474 0.117070 0.178677
